856834115
870128690
654552922
207442309
1511588122
834068396
1846873530
966245083
1799388853
494387258
984674766
846455593
178804962
118245790
1920624725
839426280
187130533
1990378944
525017507
2083630786
312394492
1380390115
449643443
1612358838
1054413206
1158854875
1328639450
1475318056
604218959
1698402220
220584981
1461053074
421047262
875137903
1668495383
1932635384
1709206300
1367885266
751396819
1361111505
1862272524
1736071585
60083450
2041077486
1854317376
1980708175
733020118
2041447909
1823603472
1258037626
1977595047
2135997964
490944093
279754842
1600873155
1545357299
1438609718
782028957
873191707
2042828677
332947529
1093776688
1356398104
753994791
1968914592
877409839
539146527
1530637244
97811457
1290543347
744265101
1960083981
879131284
804348551
1853677820
585965012
637573079
439214290
479929273
313692903
1697251916
310040672
302207219
40712361
589795515
1903080374
1586069660
2028405233
537625684
311777719
1923750262
870573213
1405554408
1132664718
1624568005
1226985352
2010074558
16230884
610138948
2107886015
1306774231
1354404049
1920486349
38421868
11268952
1626680521
624386880
648842031
2065894811
1104316154
962534934
1615663080
1414356826
1264742154
1656375441
2004152341
1020338880
1094961454
1885073926
1557964564
1406739173
1661340541
281054130
664809933
646521611
1905622135
1891795285
509112521
1921853019
354450585
469514889
1081143603
1708854634
242517590
1119565471
1720123587
1869198111
1743952351
221481970
1787609274
700784857
1184016905
1255788706
2115141684
301275411
764680500
1971810377
1321614291
1859641954
1709400656
732095208
1118897479
1223257549
1013149338
1783707413
1869779160
771287825
1528019050
231408034
545657196
1882469636
700922923
1626800799
1443840622
943440513
598882622
1016480561
665154976
195351326
1237962532
305280602
896136183
274495789
1561069309
863794219
575771200
178266161
688120949
1897385491
2037908115
250037957
481997051
1009321946
1473295506
1495146389
645545711
1195591018
118950566
26081114
1426999052
664607763
1908550750
2127921975
143924914
1204907724
923878840
742807537
73904638
1589033816
938158863
1311867170
1894314419
1834295046
1586362959
1307900080
550605618
14650511
1486166241
1238726567
1912036002
1376590708
1488764524
246549406
238429006
814576382
1741695795
883974718
2010167400
1860646362
910055832
1289682805
377770477
671122934
1270121132
521695391
1876030658
46516325
1264502928
1949935296
1635550141
55178143
1114318818
1382380912
1889473190
553198129
542797344
292595160
567848640
2028963585
1531321727
332400995
1258070645
872602603
578950401
1496499652
1687178985
173162548
232990722
1549862737
2033808910
1143046554
692061894
264095739
1814169488
1962183027
785791131
1542716498
2008699352
2050294059
1345168147
1496765845
2105472203
312003317
731663110
1847461745
865201447
1274460454
2140056905
1433050087
1155940392
1523894984
1765451082
266527389
249013939
196917835
1763027041
1936192924
370080384
1996017763
1338572013
256405646
991580669
2030633908
520501386
658266509
1845333287
1306292517
53499360
1706548991
1209102928
1398667507
1055831188
1167091483
1710670824
1787494298
867069580
428388623
914471105
859642837
1861438711
2070411497
236054173
1479406145
189455238
485068112
1676323981
1952482280
273777388
2046404365
1801016395
1612349402
155326363
645113417
1495499662
675827749
1303379926
1193349301
1982120266
1356879286
752414644
1043739547
608063145
1808245832
63347382
171250322
1448256483
930416963
599638945
215243940
1790059800
313594008
138171789
2026113974
1793000154
327627027
363698438
1321840487
132625659
637475827
1220761204
1933642055
102341581
1376087567
431271824
1597841243
2051915317
1734651750
643706896
1886551935
944047389
1396121540
782807834
1552110534
1056883724
846155217
1723360856
357656559
1776572180
175516154
572900499
1419148332
489110162
711072288
1297778658
134626668
1038699316
1661477097
1456467155
1171324975
151469276
529744711
957483382
253810857
1905832279
1388755206
1851652100
1810263948
975923309
347875348
1549332235
1919970698
1743996888
184656422
1324597584
653396964
1030811639
900474793
1011053524
659900171
1075990947
1583954023
2079048503
1565101109
147542664
1229343514
1699727778
1186241980
743336963
1008711285
210083307
894806239
1538455997
1167566690
1148617096
1296804628
408838248
852785548
959584928
1384761557
1200660896
361433515
1157248607
797174136
546089937
334362544
1450571100
1576901576
1234837337
314140976
89318099
163344636
1898095000
20882955
1728445745
2045637664
1250226469
1280689875
1084395996
1993563432
141917513
1294479303
740886023
1680373510
314562345
1889503119
829694490
723400594
594805019
1789279418
2108162151
1795465915
3229285
1117927111
445156403
549319223
1452289655
1895727503
2126220799
539643344
62384832
68055251
702987980
1960479832
88938206
283950077
1858633848
1339164675
1564639953
795546196
1185244459
1706557466
2090025499
1926130482
1239447328
257104197
1668149953
2069141818
980504791
115471324
1710937588
941183294
1910937239
1714166873
2059110405
208609994
116002448
1363916412
2104337497
94739600
1903559756
19238681
162794851
459064088
1979718513
251733057
743014166
1690868713
1590897732
160170471
338931261
628658543
1866727937
281473113
407305377
958691617
538577310
2075455330
880349787
1519082101
43443006
443803727
312781747
1954380245
10486952
224408505
15506591
126489401
1588324917
2119844088
221229001
1344401026
2139082770
384023852
1803465114
1971317635
635756909
398995632
1514702701
79170993
559166103
1853633962
707829536
278410392
2135107075
1115134913
1237102009
526200737
1043106595
2117451796
2045282838
1086549601
413771875
210580938
893446198
424258828
434989443
908952789
550748229
2023314360
881313229
771977230
1220231738
872912351
1156001082
876213205
696746339
1791757991
1275208837
63965392
1870928984
1834374941
1917599354
431274872
2112785333
1905222782
1546409785
1202403695
283939871
442032732
1172371843
181739062
1528582333
1586143719
392320000
274544883
2010402547
827309443
1183497672
413667128
703140155
2064810901
1185644358
1923371894
790239605
194161792
652101451
1486985944
1985919783
1927310288
1550951336
1709365119
1614201581
1321067042
2140639991
1579503267
1078806176
1539566128
634423314
1362746048
1981598860
1806795157
1544485110
1362697545
1245455228
1936805110
1637242428
1108374127
616630905
673256452
1522041255
1319771060
590583705
560201965
1095659306
1380823310
754363757
1747760757
720325606
592799892
1527587398
123793294
154681363
994305331
1444860337
147837706
426324950
376182865
1687403834
1060748264
1738928913
1521519046
720059774
1135930375
736732943
1965515002
925251837
226491723
926405482
1541882742
899748175
300963089
714170155
1490331881
861165055
1809829461
723671543
1615528812
1410106571
1443997150
60845057
790210321
1567790444
215526420
1784515652
865167133
363364127
63356955
1241349999
2050767961
1124105219
832795264
1424803360
1844164993
1968725640
14052655
1662196348
746493829
240544379
441118182
140892924
1140292554
742081271
855063079
483140787
1603246326
517408892
1206812331
1071291491
1927515463
503325833
1132136548
570242136
2071116277
1347662968
207274141
788799763
1711027095
270631096
2030149762
1614311409
1394736315
715461378
891631121
1091417661
536703370
905683776
606130361
1283197200
1146228155
1047248543
1424090124
139037062
1789329814
131669555
622177849
1245092493
649078447
1828990180
168900336
429110263
184832365
1301036884
999352399
108464995
501216204
1206626540
897264758
64759652
1477257636
779930872
1679071061
724510304
1495392250
423218534
1815927965
2032095621
1328902310
274574678
1167809173
327646818
1321823221
444415649
466683880
963669387
576085204
1088861729
61278232
1225163651
770368262
230178568
1654273914
955200627
1531215452
506142666
1063665622
2032431657
1712769206
1960930380
2097191309
1042543195
593377604
1628778722
1767053499
2088769855
2051997256
1435497816
1973381828
1233415918
1710072494
993707353
1561062736
884412067
1438123002
2027746616
1848081454
2014208206
969124698
1909359687
1091888209
1739492960
2139538255
598678476
547209939
1523270060
1104821142
1610875562
1408218069
670106700
1424322294
1357925730
1712649895
2017699899
839220804
1332219746
1958986106
743734412
620233914
1784884286
1977150330
182822760
631107991
1390729419
1067234827
2069230993
1270992387
767832634
1935955551
92633437
529708673
880360112
1832126397
521763280
1479038588
231852689
2045033340
436376082
1842728251
1305767761
1106482783
1119566897
516209843
671649030
989783148
1355430647
2003868777
801285606
2099165059
476619043
438686244
1928831742
659441804
1069794235
1172077513
1726676631
991541580
295586252
347025617
780013483
388219690
876734290
1660373596
72862439
1398497571
991928536
304715128
1296047263
1428304619
2147443379
454331377
387303754
1119526629
970541220
1058952784
2109309777
178488220
915337913
763111736
130169631
1391956957
1201797980
2059001373
2051398761
124108568
1083595238
1630591744
1115650148
1379181491
1977617362
1895663632
1767401181
706868004
1408553580
1840263620
2105365575
252998468
2144978749
1253929191
1681303087
2144938480
1708260568
2068606841
1116981461
531318140
980075978
1078807591
709806360
1895413891
1841919327
839975992
1139887200
896233659
751493717
1043802313
1020342227
1835088956
526910410
2135992376
1066786799
357044124
1884172360
686704332
1063912128
1145242292
379484304
1021794056
1398240760
376979405
128239599
932060200
374434238
1836500167
853183393
1491415699
220334659
1833259371
422739642
930141020
1581189615
117175321
1770117012
573593167
1013408981
374127081
1617395481
2033751208
61732389
2144305891
2022259936
1128519188
353866367
1758948648
1815223520
1417778495
756707292
47224177
292088903
7464405
424203582
420328502
939524605
798637820
109345021
1792707998
142569872
329679681
1478483722
565309514
1259820701
912189689
682484836
882454065
1485782856
1695893817
1256581146
955694689
1582161377
1318313536
952516932
1456937666
299349076
1306383299
1068402666
2114572597
576678147
1825109959
14313126
868767050
1832574364
438516708
1289095553
624615321
1237154529
1398440574
269839671
1379724401
1728120255
1748323393
1945033915
840457308
513029434
480035103
1722911373
1998812291
28445272
832008872
807023332
1610606650
2838760
1759540265
920060668
302187836
918439916
1988463334
269276785
1495118063
1666089645
283589911
216401466
1351180361
722106620
1505497019
1975795682
1959261149
756453945
98151706
1191501902
337090553
1846475099
989052169
1177547861
212020886
1469087273
752975587
63349529
1497532545
1584984459
870372861
960655547
1587823219
482429478
1880716215
1890011055
1400869395
1721695902
11804193
748503810
1240301899
295394104
964905276
443998613
1017500724
322918647
272310647
829278225
1079372593
370462353
2020780127
1416463146
69453805
862348649
446527359
281474691
183952274
1199502946
344824220
1681484819
637003757
1215197081
494656719
77343328
1697626560
227889286
1967354384
951012307
1949585188
1979158577
1699516117
1042403440
127069033
516937746
1486402053
1144569758
839856393
1758712700
1973847983
1919228986
2129175054
1847144463
1188208484
51145211
562009464
1634735844
332619902
745961738
686755142
677444122
279962909
1323758900
1892641203
774619628
1401102228
1442784115
1002508915
1220972964
246312774
804610455
1052647893
1945828892
1847013895
1179716927
315282990
1185932300
176803037
1155139383
797161353
3167372
926884722
778852759
1850311835
2115093206
829997970
264837651
1602345402
1162617872
1010799389
141616897
1840061994
1290762299
1465375797
1585219549
2065381927
718994377
880520017
920407194
1939967342
1126832791
1725017650
845131587
925178035
1424547897
2024848514
1240461025
462996550
54167903
248116761
1260157903
57335276
1175001483
2039010662
1907647111
1142611041
721524984
25001115
597472796
1884142856
1035800504
739089693
1576721202
179079155
56981842
1014457103
96977435
775976219
1894977120
1017384629
568459913
874326264
594918631
1413591501
1799504299
2019466529
1290956367
892481677
334979431
1345124271
1140598438
1595137334
1402459547
168116273
1486664348
1162623010
1310727314
60705684
1187624125
1908200110
1944848540
75940982
499806155
1374086094
255020137
556787997
241059549
351997572
1332764217
2136036670
1369382202
1901224130
862879286
1964300833
1167331983
514899937
1836283714
310804703
1407381614
23779497
1655928974
400496404
1618916831
910904873
568612677
958097531
2073527883
1879339992
1018803215
1113668361
1640056454
816168107
1189609343
2139862610
42770553
1444629480
549166959
283830103
1796627053
1881931176
272383125
1018525607
1635671659
1135262411
835342792
655519994
1650162348
524142859
966324697
910060315
547922356
474770023
1310556719
19355540
1385674896
1879169397
977453071
1311719132
1611025741
1996256287
277903845
1103598547
664940746
1467513188
1095977509
707711300
764659020
1645144469
991541403
413802425
1379591997
1263924528
1432328032
867780008
251703291
120187177
1523300003
1901865639
644330036
342141052
664442306
1192252392
816911076
1974999026
1211607932
55102324
1706684775
41577356
1366821456
1170226868
2037833643
1644725301
126341767
555290741
964754841
1222319277
1263002041
1729413862
719980098
107059796
2143216287
2099572095
1370984324
1428060672
819868456
1622687615
1548247849
195684811
1377069607
45094237
537825863
2041511913
1237346629
1354736939
1869027291
301470914
1409839264
1428228418
343048270
629177072
450971638
233398265
126418726
577313406
788689006
1091173567
1799632683
2051691048
673103781
372129133
11267196
668836421
324217580
1382251521
2096897093
1144086036
857455488
1497661294
1339770847
87041447
1542755531
1877596711
2128553361
632618512
1084850002
1850097004
934089426
347205618
1130841775
1277137696
976382691
1581813413
1510535961
1102801417
11643171
151741320
46491336
1811275854
55948720
719595118
35921339
67215916
1388431539
360138920
1449467437
1337844984
1504224956
159439278
688022630
696512156
246480725
83294513
426625219
227550438
715913025
1511475221
2077647443
1650002452
1858680840
1061005570
779656500
687579883
495335335
142708814
1790381300
506978507
294450134
1836872636
170770713
350398854
408984106
206692053
417614770
1797415645
566830973
1867082208
987776981
2071055929
2026521486
1675799611
620084437
125518563
1759094124
1046709656
353069002
327523502
410701230
283232797
1977525954
121898422
1344238367
609698806
809478305
1839573702
752407620
452375957
199068561
1046857754
141764945
369839275
1397256608
550749052
576531328
1814871379
200681049
1143362301
1534469939
1188458031
1066934582
1413507777
716773994
1687019020
1539026340
328384471
586245028
1892095342
655907973
996946258
27844491
485950279
1118844680
1372082858
1095649085
1928322985
1064172913
1848056706
233215294
1263241474
747430812
374980240
1633080749
2144687421
925729292
62128429
1812075152
1126410341
1205490730
1199061443
167384724
124941665
465085572
884158719
1811960685
2004111912
1212543190
250722065
1748723607
1868451163
1247668324
1776568098
206917794
219029356
1001167309
1302566879
2147352342
2065340222
1003139937
233083988
1181098048
1750570750
608064228
666695150
1747774523
1533793520
728823579
1412366027
512720214
1934314310
463943822
680104938
2059255975
929029394
1564263657
1723733012
785657658
629323199
1974455077
386897617
350290714
1074639753
15982068
557208508
1293669110
1017149377
1859775388
1293537804
935005951
715431677
1526621792
2116103999
318518779
2134686021
635315501
2066293302
1520995893
1364139081
1331175681
2033716107
1150969743
1795119503
566337398
1062742070
576665249
2130601055
638991434
1362322908
612440607
465962863
1749220525
962731321
1540602617
1765202593
1519939830
686788079
634868322
1232231570
1980325883
1569874273
1947663247
1359464027
1538494625
118698379
1346666400
26326478
37508033
720178646
1390465559
1368683715
606411105
393951654
1016319570
1172748503
1456693724
1592984820
1155865911
2095685158
807824080
1768306518
414164374
409560957
583554191
1954766991
27279903
2103494021
494071422
662148225
1188241943
326913657
84538851
988421543
1686377684
1623033476
1107119922
885560437
1649359954
1144627955
1605739083
892341866
365828022
64666540
1286293520
1382147593
1237415044
595503597
827648765
245797307
543705107
1635472845
2014103825
957869481
2045033802
450174368
765152824
2072313705
406184742
1259224246
586978283
1594426685
1586137903
671517134
435364580
1125031940
147066962
1542484502
2010592377
1796426916
539628810
1468847812
541285134
905456832
1533514352
1827578655
140120777
623445748
275598604
967769542
869243055
819303711
455758739
735863232
1777173193
353308894
1186037601
394842369
278138951
1592222343
1654066616
865117234
1039165380
1092720871
1536634368
1474529961
70269163
1683701330
869530815
2080861540
1332644599
1409159625
1402225704
1873929733
167132810
788256409
1554024740
307253587
1411702157
1829623344
1275023130
133461565
501443408
1730781869
869324797
131132953
2084090763
2055362398
525975322
214746067
1500101093
32558290
1079863301
391782826
1125279162
469014022
1866312787
1195548325
5231704
588359954
1128926218
1337876303
1997519580
383668274
1064322389
17168742
1171924683
470863481
324422329
436143193
153003178
1599445459
569604758
654446586
1182743681
1438929555
785579539
1119350796
1346808306
1311554861
1334096863
699425751
1344113152
266476517
1091208577
321908666
735490539
810037716
1517456991
740722243
1398397671
498899561
2078598547
1248433603
882567836
995437288
1265602345
2054492519
1466300769
1590024674
343152064
1619303947
1041986486
912756822
126266885
77246519
204202730
911846424
1196597315
1551011036
75917638
383210531
102953139
1420030790
649687048
1194161717
1741939456
1385177587
2004199433
1111912799
2125899830
1255113456
1610812361
2057014729
356063411
345896549
904968369
1621665756
252905420
223785491
1064206783
596057485
1843089438
2106193269
1508814307
1969356324
35956140
1713017037
733719100
1232553455
1116544425
809636738
1615763986
1219497565
82183880
117967386
266175634
1824123336
1503144973
122891419
788552488
1481561156
1378004876
251881201
1391092237
1734068287
597777750
148576959
1208250396
850683170
372362450
124973531
1446740655
67968240
83683152
808071315
2037324564
119639292
373604704
623560017
1352192747
1490149130
1433196755
820473086
562163047
1515380636
938440472
828338681
1192020324
294101798
951230100
1980572812
1775662954
181751328
84970365
1019271543
1915819616
682748115
1167848502
976586364
1533431286
1540210952
1101559895
832688293
1608179193
1185243047
1640759608
1498020109
1304882339
2014364313
2121580126
509591438
1357029795
1407293234
1330064524
1919192842
775190222
121021349
600047875
1967210546
415123147
1551277975
1800299711
43302453
1733029304
1885270076
1062573996
1501365272
420534544
82938851
330467988
1953965830
1623149803
1432027883
639170475
1083845348
469787282
132446436
434381810
1774669621
2146810749
408478288
136777411
1356356896
1815771522
1466841936
1128066090
443478096
1587863285
1728113965
263204995
2002986432
1131908292
2063504706
2046288885
717453948
1801291134
961379233
71335572
74342030
1044318084
401803560
2028307860
519984240
1833831443
519994688
1603829588
156135077
652441124
2038211398
1930804698
651768225
299206039
2067582110
2008125121
2114977561
1386940398
988707563
410972010
827320035
569337880
674177005
682822819
1701246172
590198063
581628056
271216473
244005549
1543007289
342552045
318347580
439841726
744355606
199171792
959825966
430703401
719166480
416171906
586838479
1371607604
306899657
370159529
2023375829
606105696
290257991
1884017302
573599609
1677198389
725241217
984571619
357034776
1294579097
1658748624
1039857595
848341622
101463039
1621485651
1119558095
345468589
1017009293
1462110140
663816169
1456851019
58982098
862987961
269193337
489685500
1582154442
685365243
1076523979
806278398
992264900
1446683508
682170580
1598370596
1736941500
418704234
24486558
1266656241
1143945452
1009058177
1623691018
291040901
520323154
516064965
1139382523
621786193
2137550617
111456970
967254782
1007076262
1573567111
1631070951
316443633
1632549209
346575265
585636970
2122234709
1928729707
1271002213
1051275040
587524457
115783466
350474901
1269695037
1714154062
2087416401
1688399272
1738640620
1206588994
684861076
600215150
682796364
975901977
1120538304
1198861330
2115284501
1742324497
1188928299
79257823
562095632
48520913
1652824934
45682935
364964546
1137890496
392258200
950601516
1112641557
173504259
74120081
16432950
761028717
189903547
366907851
2030723754
1904057610
306840604
1571639378
1495214582
1513429598
109016806
2095429732
48742315
1084918784
1068484388
1247603645
1052719637
663325238
289048296
1131977460
1225420870
337569209
637318747
1271103805
702533755
1775209243
1663362006
1653135271
740367152
1836866265
1727255352
756800102
450411334
1917158900
1123707953
333651441
1673732862
1430548557
1905290819
1021463796
796494508
2014307626
969409881
845236823
951742762
2037894269
2092840468
2004462399
553735859
234405116
988956211
1779156729
571974325
1626274958
902776887
1274508080
1254000553
418655245
780159703
1994367706
108037862
359931407
603684160
558449197
129606659
1727392114
892100638
1803339521
1010457023
649907809
677319670
1806951531
516731787
1646729551
504704706
1468474549
1537140172
450061526
1325453300
2090876032
684466642
166925864
1722549113
1256440967
1793200822
477842352
383465399
899717728
896497597
1163625102
746601786
1004535460
1523556510
1350285946
1562984657
1653163169
930194412
307601647
1309019043
1940651436
957509456
1986338713
1600119319
1474241244
1485584616
2104824026
795232145
875241140
407401904
2120685446
818633524
1091868547
140127662
393698990
200825866
1933328484
871541342
584291266
685562564
1768038940
1747916368
1432164350
625090752
1123989230
634966649
40591761
629668752
1565161061
348193408
1938687795
1358328849
1305702864
1777542860
810964521
632460460
1115643828
768304899
1427692606
1990884968
1175706803
1400894404
662034845
120091702
1541022066
1055733835
320917569
1326866902
1927275177
905208835
2012429467
1547830469
505641555
1297110169
25437573
1629630786
1932076818
66029334
111815890
1349754232
414222742
2050503685
560599433
1719925607
1680562897
1371563954
204902419
648723077
2139868853
1632595025
492124397
1168092009
886005781
1154159242
1288183711
279544199
62409429
1609101280
1606411102
1989684607
366826467
1471356921
1390031428
872468023
620983442
1415469002
354615161
405576613
1481498336
466431051
1755330845
1895721079
369451088
168446630
1468163038
2050013985
1540010585
1673065457
551253414
1532395790
1158176835
1043377811
553004151
2044182616
50053406
1841187863
176243168
112462835
1302805495
1782654270
2102147442
1669631963
1106527543
1344695223
394616338
1727510985
612680577
749231499
2133087598
2094178913
1215662550
1740934795
1842416344
1585113638
1909381426
1163095734
1487643975
1301908363
688677544
2038897389
686820505
1846854379
934791552
1239824657
1743553347
984844958
933528872
1919796515
1097307794
88850719
1554967137
1051971588
1758482682
514011032
249183163
5615372
94038370
861863740
754846871
79642320
808559006
1970509421
1820577116
503491702
1408139411
1582474894
1666587437
748299738
736899609
207781333
639713479
1423720114
2054635712
1574505032
516061123
1650705411
411866342
1449589995
1423018279
1509174136
1538440715
830501768
413662077
1149439749
1344512801
662845240
1155055122
1438551171
1524708981
1909901993
1518193491
185784339
1732927767
1191286959
689276041
993583530
626278205
208379830
1741883269
1363177814
416161163
234113100
639414281
323313227
1808618132
1155475404
1974018639
73000827
457581752
1249553270
1582174963
1996022467
2080055038
1995837040
997978568
1277084191
511198633
5550042
568151714
2035907614
1915452036
2086345206
74208305
1500896155
1130148517
763484346
346996037
1756426723
971864177
2088879306
972120889
1388025340
175508759
1611535170
1711338568
1984126891
619526927
1537873559
2057127718
1077108679
639943181
1491819034
925647498
572514571
1340172426
1923626066
1849598763
1851371059
1929176109
270266829
1739795025
1697144497
209128387
1814003330
1050557004
1339276905
430004029
1397553041
948219980
1401868206
1338948700
1920340869
642409898
1514457459
1384392392
206264818
1351100702
2003919319
1744138377
1260744773
933544350
236597910
605080159
1859191848
809112482
1945252585
1635334266
511227597
1649139997
1417026727
781494426
1241451374
966687576
990622814
907971057
2017244580
182416071
1337975086
1267313974
1130636051
592359644
458779026
903493272
1234769542
1973236485
140402016
1441034361
1176853539
2144321335
1037689090
290114664
930382037
1274287001
895194823
642090237
2083399483
692963761
129940856
447143432
194620110
1546967583
1228637858
1436071484
366171512
71777024
196558893
235932444
254193095
1534533979
1503246418
1384829146
2126893623
1962025444
140838771
1214179518
1787778281
281240787
507730231
817148173
278078475
1545419321
1107262837
1208460512
672222674
2002457661
1850550750
608138509
547937774
1980491606
1055281941
742557884
1379975541
136436152
31145720
1746147053
208213176
227704614
1982079498
462406272
1762238593
1337842268
1847235418
1741648569
1152384065
1988074189
808344439
792678698
121831329
1316074670
1609826871
399909804
714010343
569606061
1608370316
1386233018
424580074
1311437418
1994371527
972517848
1144445376
902169821
1715075732
376937270
1038605973
1746221452
2123084323
1246819149
1973926066
1957680173
1709225421
1588681012
1148038794
1408977192
1182845933
152939211
1249567733
1991190372
945617909
1371399062
1159781394
407961133
1771308866
1873791737
977567194
1232195535
1112541107
1402147268
396149305
959428987
227181468
1540594682
1861598808
1942257200
1917531952
752721133
1540995004
1893132627
1999540282
1367437423
1703329153
1561282056
808634787
703884299
822775600
1991480720
856823510
2072343333
1835187444
1802441419
1296258748
847485190
62918904
920083966
573793279
1040486098
4795853
1686334387
295149718
400945159
498279726
522331186
1941539841
212394886
317104738
1711588145
965116019
1858099743
1457237124
817172653
1078053518
1013082629
230971061
1886688305
1716966928
1053746661
1730685377
426306790
978606347
1418389173
81264562
127381447
118390715
144183466
1047465413
692183994
1184669565
1052261267
231034733
1479819283
1453206426
729314459
2002150470
1247262619
941709345
171771560
811367116
1906825364
2029871303
121120592
576514370
960441173
1134203222
807485431
699645830
703686502
1861232093
282847559
1129993293
692354792
1701236732
1211257855
819736239
1819627447
1355441321
1867201652
364327794
392627238
771979271
595362527
1872446522
77702049
1324676987
1727113344